header: 
  seq: 62
  stamp: 
    secs: 1570018125
    nsecs:  73518739
  frame_id: "camera_color_optical_frame"
height: 480
width: 640
distortion_model: "plumb_bob"
D: [0.0, 0.0, 0.0, 0.0, 0.0]
K: [619.4407958984375, 0.0, 326.8212585449219, 0.0, 619.3239135742188, 239.52056884765625, 0.0, 0.0, 1.0]
R: [1.0, 0.0, 0.0, 0.0, 1.0, 0.0, 0.0, 0.0, 1.0]
P: [619.4407958984375, 0.0, 326.8212585449219, 0.0, 0.0, 619.3239135742188, 239.52056884765625, 0.0, 0.0, 0.0, 1.0, 0.0]
binning_x: 0
binning_y: 0
roi: 
  x_offset: 0
  y_offset: 0
  height: 0
  width: 0
  do_rectify: False